三峡大学
1 116 58 58 
5 5 5 5 5 5 7 7 7 7 5 5 5 7 7 7 5 5 5 7 

0
0 0 0 0 
0 0 0 0 0 0 0 0 0 0 0 0 0 0 0 0 0 0 0 0 

三峡
2 76 38 38 
3 3 3 3 3 3 5 5 5 5 3 3 3 5 5 5 3 3 3 5 

0
0 0 0 0 
0 0 0 0 0 0 0 0 0 0 0 0 0 0 0 0 0 0 0 0 

三峡大学科技学院
3 48 24 24 
2 2 2 2 2 2 3 3 3 3 2 2 2 3 3 3 2 2 2 3 

0
0 0 0 0 
0 0 0 0 0 0 0 0 0 0 0 0 0 0 0 0 0 0 0 0 

CTGU4
4 16 8 8 
0 0 0 0 0 0 2 2 2 2 0 0 0 2 2 2 0 0 0 2 

0
0 0 0 0 
0 0 0 0 0 0 0 0 0 0 0 0 0 0 0 0 0 0 0 0 

CTGU5
5 8 4 4 
0 0 0 0 0 0 1 1 1 1 0 0 0 1 1 1 0 0 0 1 

0
0 0 0 0 
0 0 0 0 0 0 0 0 0 0 0 0 0 0 0 0 0 0 0 0 

CTGU6
6 0 0 0 
0 0 0 0 0 0 0 0 0 0 0 0 0 0 0 0 0 0 0 0 

0
0 0 0 0 
0 0 0 0 0 0 0 0 0 0 0 0 0 0 0 0 0 0 0 0 

CTGU7
7 0 0 0 
0 0 0 0 0 0 0 0 0 0 0 0 0 0 0 0 0 0 0 0 

0
0 0 0 0 
0 0 0 0 0 0 0 0 0 0 0 0 0 0 0 0 0 0 0 0 

CTGU8
8 0 0 0 
0 0 0 0 0 0 0 0 0 0 0 0 0 0 0 0 0 0 0 0 

0
0 0 0 0 
0 0 0 0 0 0 0 0 0 0 0 0 0 0 0 0 0 0 0 0 

IIII
9 0 0 0 
0 0 0 0 0 0 0 0 0 0 0 0 0 0 0 0 0 0 0 0 

0
0 0 0 0 
0 0 0 0 0 0 0 0 0 0 0 0 0 0 0 0 0 0 0 0 

JJJJ
10 0 0 0 
0 0 0 0 0 0 0 0 0 0 0 0 0 0 0 0 0 0 0 0 

0
0 0 0 0 
0 0 0 0 0 0 0 0 0 0 0 0 0 0 0 0 0 0 0 0 

